0.000000	0.320937	0.321074	0.323077	0.326906	0.324919	0.228504	0.322472	0.321790	0.317632	0.325185	0.317278	0.324028	0.323134	0.327908	0.311107	0.322253	0.320716	0.324623	0.230237	0.313855	0.322922	0.225236	0.317004	
0.320937	0.000000	0.319081	0.318787	0.314821	0.312207	0.327169	0.325001	0.313892	0.316474	0.230225	0.316405	0.230544	0.322340	0.234434	0.307105	0.318990	0.321473	0.310016	0.324191	0.310869	0.320159	0.320454	0.312873	
0.321074	0.319081	0.000000	0.324875	0.322582	0.323691	0.319822	0.324679	0.322161	0.233712	0.319928	0.325393	0.316769	0.322887	0.316850	0.313063	0.328431	0.321687	0.317336	0.321944	0.235356	0.325202	0.314569	0.229450	
0.323077	0.318787	0.324875	0.000000	0.325470	0.318848	0.324659	0.232156	0.226524	0.320463	0.323145	0.228707	0.321145	0.228954	0.326019	0.313821	0.227882	0.228518	0.320040	0.325657	0.317402	0.227679	0.323193	0.322585	
0.326906	0.314821	0.322582	0.325470	0.000000	0.233390	0.329157	0.324258	0.323857	0.316685	0.316689	0.320406	0.313172	0.324478	0.319408	0.318595	0.324439	0.322308	0.230658	0.330637	0.314785	0.325789	0.327612	0.317325	
0.324919	0.312207	0.323691	0.318848	0.233390	0.000000	0.330599	0.325446	0.318439	0.316321	0.311645	0.317460	0.317157	0.322182	0.320314	0.313507	0.321446	0.320953	0.228717	0.327938	0.311512	0.322598	0.324595	0.315083	
0.228504	0.327169	0.319822	0.324659	0.329157	0.330599	0.000000	0.321944	0.324439	0.317778	0.328993	0.321307	0.322094	0.321915	0.330560	0.309956	0.328130	0.322113	0.326375	0.227126	0.316285	0.328376	0.229618	0.318554	
0.322472	0.325001	0.324679	0.232156	0.324258	0.325446	0.321944	0.000000	0.231011	0.320763	0.328752	0.223360	0.325443	0.228591	0.323826	0.313355	0.226719	0.224695	0.320882	0.327606	0.320140	0.233417	0.323504	0.319945	
0.321790	0.313892	0.322161	0.226524	0.323857	0.318439	0.324439	0.231011	0.000000	0.321814	0.319558	0.229809	0.318973	0.227205	0.320487	0.306169	0.228510	0.230991	0.318470	0.325145	0.316967	0.232104	0.321186	0.319841	
0.317632	0.316474	0.233712	0.320463	0.316685	0.316321	0.317778	0.320763	0.321814	0.000000	0.318555	0.323700	0.317016	0.320503	0.316178	0.307941	0.325084	0.317584	0.311605	0.322117	0.232268	0.325304	0.317142	0.231385	
0.325185	0.230225	0.319928	0.323145	0.316689	0.311645	0.328993	0.328752	0.319558	0.318555	0.000000	0.319683	0.228021	0.321712	0.231425	0.311295	0.320961	0.320516	0.307078	0.328396	0.314158	0.320104	0.324425	0.317034	
0.317278	0.316405	0.325393	0.228707	0.320406	0.317460	0.321307	0.223360	0.229809	0.323700	0.319683	0.000000	0.319489	0.230933	0.325309	0.309598	0.225509	0.226597	0.317379	0.324188	0.316029	0.228299	0.319449	0.318850	
0.324028	0.230544	0.316769	0.321145	0.313172	0.317157	0.322094	0.325443	0.318973	0.317016	0.228021	0.319489	0.000000	0.319135	0.227133	0.302894	0.318735	0.323044	0.312608	0.322232	0.314490	0.318558	0.324717	0.314428	
0.323134	0.322340	0.322887	0.228954	0.324478	0.322182	0.321915	0.228591	0.227205	0.320503	0.321712	0.230933	0.319135	0.000000	0.320214	0.308891	0.231577	0.223980	0.319647	0.318955	0.320618	0.229076	0.321135	0.321890	
0.327908	0.234434	0.316850	0.326019	0.319408	0.320314	0.330560	0.323826	0.320487	0.316178	0.231425	0.325309	0.227133	0.320214	0.000000	0.302285	0.328085	0.321741	0.314604	0.326712	0.320437	0.324127	0.330469	0.319878	
0.311107	0.307105	0.313063	0.313821	0.318595	0.313507	0.309956	0.313355	0.306169	0.307941	0.311295	0.309598	0.302894	0.308891	0.302285	0.000000	0.317025	0.313797	0.315538	0.308296	0.312258	0.312972	0.310166	0.309155	
0.322253	0.318990	0.328431	0.227882	0.324439	0.321446	0.328130	0.226719	0.228510	0.325084	0.320961	0.225509	0.318735	0.231577	0.328085	0.317025	0.000000	0.226750	0.317767	0.327929	0.313307	0.227391	0.320563	0.319509	
0.320716	0.321473	0.321687	0.228518	0.322308	0.320953	0.322113	0.224695	0.230991	0.317584	0.320516	0.226597	0.323044	0.223980	0.321741	0.313797	0.226750	0.000000	0.315984	0.324963	0.317028	0.228863	0.319960	0.317214	
0.324623	0.310016	0.317336	0.320040	0.230658	0.228717	0.326375	0.320882	0.318470	0.311605	0.307078	0.317379	0.312608	0.319647	0.314604	0.315538	0.317767	0.315984	0.000000	0.328933	0.309917	0.324621	0.325918	0.313408	
0.230237	0.324191	0.321944	0.325657	0.330637	0.327938	0.227126	0.327606	0.325145	0.322117	0.328396	0.324188	0.322232	0.318955	0.326712	0.308296	0.327929	0.324963	0.328933	0.000000	0.322089	0.326901	0.231541	0.320460	
0.313855	0.310869	0.235356	0.317402	0.314785	0.311512	0.316285	0.320140	0.316967	0.232268	0.314158	0.316029	0.314490	0.320618	0.320437	0.312258	0.313307	0.317028	0.309917	0.322089	0.000000	0.321683	0.314200	0.231844	
0.322922	0.320159	0.325202	0.227679	0.325789	0.322598	0.328376	0.233417	0.232104	0.325304	0.320104	0.228299	0.318558	0.229076	0.324127	0.312972	0.227391	0.228863	0.324621	0.326901	0.321683	0.000000	0.322570	0.323418	
0.225236	0.320454	0.314569	0.323193	0.327612	0.324595	0.229618	0.323504	0.321186	0.317142	0.324425	0.319449	0.324717	0.321135	0.330469	0.310166	0.320563	0.319960	0.325918	0.231541	0.314200	0.322570	0.000000	0.316637	
0.317004	0.312873	0.229450	0.322585	0.317325	0.315083	0.318554	0.319945	0.319841	0.231385	0.317034	0.318850	0.314428	0.321890	0.319878	0.309155	0.319509	0.317214	0.313408	0.320460	0.231844	0.323418	0.316637	0.000000	
