0.000000	0.350110	0.336798	0.336259	0.346201	0.350619	0.220811	0.339606	0.342708	0.336284	0.356467	0.337959	0.349985	0.344351	0.353045	0.308137	0.344020	0.340356	0.348721	0.210304	0.331420	0.338148	0.213795	0.339220	
0.350110	0.000000	0.334295	0.328747	0.322511	0.331372	0.349295	0.332983	0.330635	0.322690	0.214824	0.333384	0.219806	0.336156	0.212283	0.312857	0.344515	0.332881	0.331993	0.347399	0.325340	0.329992	0.345447	0.333748	
0.336798	0.334295	0.000000	0.338617	0.323804	0.321837	0.335102	0.341247	0.333619	0.214203	0.338411	0.339893	0.328994	0.345099	0.336013	0.316568	0.346708	0.343204	0.323965	0.327696	0.214945	0.341617	0.333444	0.215420	
0.336259	0.328747	0.338617	0.000000	0.330865	0.335489	0.337162	0.209038	0.209897	0.334605	0.331056	0.207749	0.329817	0.213153	0.334417	0.321768	0.205342	0.220469	0.325602	0.334706	0.328094	0.208085	0.334401	0.345105	
0.346201	0.322511	0.323804	0.330865	0.000000	0.223186	0.339184	0.332816	0.324625	0.327073	0.323877	0.334430	0.322080	0.338514	0.321163	0.312153	0.332698	0.333645	0.225242	0.343700	0.324230	0.340344	0.347136	0.330923	
0.350619	0.331372	0.321837	0.335489	0.223186	0.000000	0.343718	0.335414	0.330156	0.325948	0.329382	0.332834	0.324811	0.338672	0.323520	0.315764	0.336427	0.338005	0.222108	0.345305	0.326842	0.335720	0.336368	0.334515	
0.220811	0.349295	0.335102	0.337162	0.339184	0.343718	0.000000	0.333956	0.330561	0.335434	0.346633	0.342325	0.340592	0.334463	0.351094	0.302617	0.337720	0.333681	0.344493	0.209649	0.338764	0.338634	0.208970	0.348001	
0.339606	0.332983	0.341247	0.209038	0.332816	0.335414	0.333956	0.000000	0.208175	0.337276	0.332771	0.202447	0.329239	0.213721	0.329602	0.326311	0.208990	0.207471	0.331080	0.339718	0.333898	0.215711	0.338776	0.340482	
0.342708	0.330635	0.333619	0.209897	0.324625	0.330156	0.330561	0.208175	0.000000	0.334326	0.323317	0.213175	0.330450	0.200536	0.329268	0.312886	0.198269	0.206434	0.330818	0.332813	0.331892	0.208450	0.338355	0.336009	
0.336284	0.322690	0.214203	0.334605	0.327073	0.325948	0.335434	0.337276	0.334326	0.000000	0.326123	0.335524	0.325249	0.337153	0.322126	0.333017	0.345040	0.331304	0.322144	0.332197	0.214824	0.336328	0.331892	0.218207	
0.356467	0.214824	0.338411	0.331056	0.323877	0.329382	0.346633	0.332771	0.323317	0.326123	0.000000	0.332767	0.212746	0.328574	0.218429	0.323472	0.341076	0.328253	0.332674	0.344419	0.330274	0.330870	0.339003	0.334867	
0.337959	0.333384	0.339893	0.207749	0.334430	0.332834	0.342325	0.202447	0.213175	0.335524	0.332767	0.000000	0.332647	0.213251	0.334383	0.318361	0.196608	0.206204	0.333283	0.341429	0.329772	0.211419	0.338320	0.341256	
0.349985	0.219806	0.328994	0.329817	0.322080	0.324811	0.340592	0.329239	0.330450	0.325249	0.212746	0.332647	0.000000	0.322418	0.214917	0.321017	0.341817	0.331863	0.326626	0.339330	0.339100	0.331888	0.348418	0.322356	
0.344351	0.336156	0.345099	0.213153	0.338514	0.338672	0.334463	0.213721	0.200536	0.337153	0.328574	0.213251	0.322418	0.000000	0.331864	0.314258	0.205365	0.215913	0.340931	0.336365	0.340810	0.207262	0.340622	0.340623	
0.353045	0.212283	0.336013	0.334417	0.321163	0.323520	0.351094	0.329602	0.329268	0.322126	0.218429	0.334383	0.214917	0.331864	0.000000	0.319024	0.334888	0.334322	0.333388	0.343434	0.338490	0.331314	0.345908	0.333728	
0.308137	0.312857	0.316568	0.321768	0.312153	0.315764	0.302617	0.326311	0.312886	0.333017	0.323472	0.318361	0.321017	0.314258	0.319024	0.000000	0.326656	0.327723	0.314188	0.317641	0.320101	0.317936	0.314976	0.327789	
0.344020	0.344515	0.346708	0.205342	0.332698	0.336427	0.337720	0.208990	0.198269	0.345040	0.341076	0.196608	0.341817	0.205365	0.334888	0.326656	0.000000	0.207465	0.337129	0.346505	0.338055	0.200480	0.338720	0.346140	
0.340356	0.332881	0.343204	0.220469	0.333645	0.338005	0.333681	0.207471	0.206434	0.331304	0.328253	0.206204	0.331863	0.215913	0.334322	0.327723	0.207465	0.000000	0.331479	0.338826	0.331280	0.213732	0.335545	0.343471	
0.348721	0.331993	0.323965	0.325602	0.225242	0.222108	0.344493	0.331080	0.330818	0.322144	0.332674	0.333283	0.326626	0.340931	0.333388	0.314188	0.337129	0.331479	0.000000	0.344254	0.327378	0.331280	0.338491	0.329399	
0.210304	0.347399	0.327696	0.334706	0.343700	0.345305	0.209649	0.339718	0.332813	0.332197	0.344419	0.341429	0.339330	0.336365	0.343434	0.317641	0.346505	0.338826	0.344254	0.000000	0.335531	0.338199	0.211464	0.341288	
0.331420	0.325340	0.214945	0.328094	0.324230	0.326842	0.338764	0.333898	0.331892	0.214824	0.330274	0.329772	0.339100	0.340810	0.338490	0.320101	0.338055	0.331280	0.327378	0.335531	0.000000	0.340654	0.325849	0.213743	
0.338148	0.329992	0.341617	0.208085	0.340344	0.335720	0.338634	0.215711	0.208450	0.336328	0.330870	0.211419	0.331888	0.207262	0.331314	0.317936	0.200480	0.213732	0.331280	0.338199	0.340654	0.000000	0.334240	0.339968	
0.213795	0.345447	0.333444	0.334401	0.347136	0.336368	0.208970	0.338776	0.338355	0.331892	0.339003	0.338320	0.348418	0.340622	0.345908	0.314976	0.338720	0.335545	0.338491	0.211464	0.325849	0.334240	0.000000	0.338464	
0.339220	0.333748	0.215420	0.345105	0.330923	0.334515	0.348001	0.340482	0.336009	0.218207	0.334867	0.341256	0.322356	0.340623	0.333728	0.327789	0.346140	0.343471	0.329399	0.341288	0.213743	0.339968	0.338464	0.000000	
