0.000000	0.318893	0.315943	0.316618	0.321254	0.320954	0.218481	0.315155	0.315326	0.316252	0.319842	0.313816	0.320331	0.319170	0.325273	0.308163	0.315651	0.319505	0.320282	0.222735	0.310508	0.317999	0.221251	0.317118	
0.318893	0.000000	0.311536	0.312676	0.305143	0.301496	0.320864	0.311120	0.307989	0.302037	0.218235	0.309250	0.218107	0.310391	0.225061	0.308898	0.309535	0.314046	0.302428	0.319072	0.303774	0.309674	0.314891	0.310429	
0.315943	0.311536	0.000000	0.322629	0.316679	0.317011	0.318182	0.318653	0.321187	0.226388	0.316150	0.321370	0.313332	0.320572	0.316960	0.311668	0.320968	0.317984	0.314220	0.312000	0.229333	0.317799	0.313351	0.221067	
0.316618	0.312676	0.322629	0.000000	0.315643	0.316879	0.319697	0.216795	0.220639	0.316957	0.315758	0.217716	0.315092	0.219178	0.321079	0.307640	0.218376	0.222781	0.312918	0.320626	0.312450	0.216938	0.314641	0.318130	
0.321254	0.305143	0.316679	0.315643	0.000000	0.228132	0.326759	0.311198	0.317124	0.308442	0.306706	0.311946	0.307692	0.314324	0.316880	0.313059	0.310604	0.317036	0.221623	0.327189	0.306500	0.316430	0.318822	0.312758	
0.320954	0.301496	0.317011	0.316879	0.228132	0.000000	0.332311	0.315743	0.313676	0.313066	0.306173	0.314098	0.307958	0.319468	0.315431	0.312379	0.309730	0.321527	0.225990	0.327612	0.305960	0.318715	0.316225	0.313031	
0.218481	0.320864	0.318182	0.319697	0.326759	0.332311	0.000000	0.319123	0.318477	0.312274	0.327361	0.318060	0.319226	0.316208	0.327608	0.313385	0.324035	0.320018	0.326165	0.221634	0.316657	0.318818	0.222767	0.318247	
0.315155	0.311120	0.318653	0.216795	0.311198	0.315743	0.319123	0.000000	0.224450	0.316984	0.320727	0.215405	0.315751	0.218097	0.324776	0.303164	0.214764	0.216460	0.314212	0.320275	0.310968	0.216164	0.316016	0.315655	
0.315326	0.307989	0.321187	0.220639	0.317124	0.313676	0.318477	0.224450	0.000000	0.319473	0.315518	0.221383	0.314244	0.217053	0.321934	0.307649	0.215224	0.221371	0.315322	0.315818	0.313369	0.218322	0.313257	0.316416	
0.316252	0.302037	0.226388	0.316957	0.308442	0.313066	0.312274	0.316984	0.319473	0.000000	0.311783	0.315295	0.307047	0.320289	0.309672	0.308642	0.315498	0.312669	0.306269	0.315225	0.219221	0.315093	0.312238	0.222092	
0.319842	0.218235	0.316150	0.315758	0.306706	0.306173	0.327361	0.320727	0.315518	0.311783	0.000000	0.312004	0.221686	0.319210	0.225883	0.309691	0.317497	0.320166	0.309132	0.329026	0.307956	0.315551	0.316189	0.312922	
0.313816	0.309250	0.321370	0.217716	0.311946	0.314098	0.318060	0.215405	0.221383	0.315295	0.312004	0.000000	0.310828	0.219513	0.318620	0.312921	0.215162	0.225606	0.316496	0.315914	0.308481	0.218551	0.312743	0.314133	
0.320331	0.218107	0.313332	0.315092	0.307692	0.307958	0.319226	0.315751	0.314244	0.307047	0.221686	0.310828	0.000000	0.311651	0.223645	0.304841	0.312606	0.316860	0.308397	0.320275	0.306587	0.312242	0.313992	0.312430	
0.319170	0.310391	0.320572	0.219178	0.314324	0.319468	0.316208	0.218097	0.217053	0.320289	0.319210	0.219513	0.311651	0.000000	0.317474	0.302644	0.221823	0.218921	0.319333	0.318446	0.315410	0.215648	0.315281	0.316084	
0.325273	0.225061	0.316960	0.321079	0.316880	0.315431	0.327608	0.324776	0.321934	0.309672	0.225883	0.318620	0.223645	0.317474	0.000000	0.307174	0.322288	0.326847	0.311756	0.323996	0.312994	0.317784	0.325474	0.315622	
0.308163	0.308898	0.311668	0.307640	0.313059	0.312379	0.313385	0.303164	0.307649	0.308642	0.309691	0.312921	0.304841	0.302644	0.307174	0.000000	0.308126	0.312427	0.309667	0.303755	0.307056	0.310114	0.302751	0.311254	
0.315651	0.309535	0.320968	0.218376	0.310604	0.309730	0.324035	0.214764	0.215224	0.315498	0.317497	0.215162	0.312606	0.221823	0.322288	0.308126	0.000000	0.216838	0.312625	0.324632	0.311497	0.216899	0.315584	0.317869	
0.319505	0.314046	0.317984	0.222781	0.317036	0.321527	0.320018	0.216460	0.221371	0.312669	0.320166	0.225606	0.316860	0.218921	0.326847	0.312427	0.216838	0.000000	0.316147	0.316676	0.314044	0.220983	0.318340	0.318276	
0.320282	0.302428	0.314220	0.312918	0.221623	0.225990	0.326165	0.314212	0.315322	0.306269	0.309132	0.316496	0.308397	0.319333	0.311756	0.309667	0.312625	0.316147	0.000000	0.325842	0.306161	0.315760	0.315152	0.311490	
0.222735	0.319072	0.312000	0.320626	0.327189	0.327612	0.221634	0.320275	0.315818	0.315225	0.329026	0.315914	0.320275	0.318446	0.323996	0.303755	0.324632	0.316676	0.325842	0.000000	0.318164	0.319378	0.216819	0.315290	
0.310508	0.303774	0.229333	0.312450	0.306500	0.305960	0.316657	0.310968	0.313369	0.219221	0.307956	0.308481	0.306587	0.315410	0.312994	0.307056	0.311497	0.314044	0.306161	0.318164	0.000000	0.312144	0.305284	0.222419	
0.317999	0.309674	0.317799	0.216938	0.316430	0.318715	0.318818	0.216164	0.218322	0.315093	0.315551	0.218551	0.312242	0.215648	0.317784	0.310114	0.216899	0.220983	0.315760	0.319378	0.312144	0.000000	0.312565	0.311562	
0.221251	0.314891	0.313351	0.314641	0.318822	0.316225	0.222767	0.316016	0.313257	0.312238	0.316189	0.312743	0.313992	0.315281	0.325474	0.302751	0.315584	0.318340	0.315152	0.216819	0.305284	0.312565	0.000000	0.307979	
0.317118	0.310429	0.221067	0.318130	0.312758	0.313031	0.318247	0.315655	0.316416	0.222092	0.312922	0.314133	0.312430	0.316084	0.315622	0.311254	0.317869	0.318276	0.311490	0.315290	0.222419	0.311562	0.307979	0.000000	
