0.000000	0.336979	0.322312	0.327944	0.339875	0.335709	0.206254	0.327359	0.327961	0.322187	0.328556	0.331008	0.338190	0.338148	0.334407	0.301629	0.329174	0.329329	0.337309	0.210717	0.317389	0.324529	0.208263	0.319268	
0.336979	0.000000	0.321765	0.316321	0.319876	0.318653	0.339739	0.315819	0.323604	0.316548	0.213330	0.326209	0.218967	0.322308	0.218506	0.323082	0.320799	0.324916	0.320355	0.339702	0.315742	0.317954	0.331422	0.317983	
0.322312	0.321765	0.000000	0.338535	0.326270	0.330494	0.328112	0.330020	0.330831	0.215212	0.318657	0.340023	0.322888	0.333506	0.321105	0.318900	0.337229	0.333418	0.325848	0.323657	0.218196	0.333290	0.322893	0.217132	
0.327944	0.316321	0.338535	0.000000	0.328696	0.328376	0.335180	0.216126	0.213264	0.339972	0.323470	0.213957	0.324197	0.209095	0.331190	0.307492	0.213918	0.215436	0.330137	0.329711	0.333409	0.210904	0.331379	0.329095	
0.339875	0.319876	0.326270	0.328696	0.000000	0.221339	0.341995	0.325557	0.326651	0.318565	0.319827	0.328533	0.315575	0.334344	0.321758	0.315068	0.333333	0.323430	0.214702	0.343911	0.314865	0.336746	0.331220	0.321193	
0.335709	0.318653	0.330494	0.328376	0.221339	0.000000	0.348532	0.329715	0.325848	0.328217	0.323887	0.333073	0.322042	0.343956	0.329349	0.327291	0.335036	0.331775	0.221859	0.344460	0.324919	0.339191	0.335021	0.329699	
0.206254	0.339739	0.328112	0.335180	0.341995	0.348532	0.000000	0.335606	0.334553	0.322384	0.340614	0.345749	0.334821	0.334933	0.329509	0.309166	0.334739	0.337712	0.341171	0.209369	0.332157	0.332715	0.214412	0.325355	
0.327359	0.315819	0.330020	0.216126	0.325557	0.329715	0.335606	0.000000	0.212998	0.332744	0.316306	0.211950	0.322701	0.213541	0.327268	0.317188	0.216213	0.212499	0.329215	0.336479	0.325693	0.214614	0.327221	0.318251	
0.327961	0.323604	0.330831	0.213264	0.326651	0.325848	0.334553	0.212998	0.000000	0.330941	0.319293	0.210657	0.322356	0.212354	0.327823	0.306036	0.209102	0.216106	0.323484	0.324147	0.324695	0.210865	0.322754	0.322663	
0.322187	0.316548	0.215212	0.339972	0.318565	0.328217	0.322384	0.332744	0.330941	0.000000	0.320349	0.329729	0.317756	0.337790	0.319784	0.318078	0.337204	0.319495	0.319270	0.330505	0.216347	0.331366	0.324065	0.213570	
0.328556	0.213330	0.318657	0.323470	0.319827	0.323887	0.340614	0.316306	0.319293	0.320349	0.000000	0.325621	0.211184	0.327525	0.212945	0.310874	0.326398	0.319161	0.317065	0.339568	0.316899	0.323018	0.334922	0.319071	
0.331008	0.326209	0.340023	0.213957	0.328533	0.333073	0.345749	0.211950	0.210657	0.329729	0.325621	0.000000	0.326289	0.213797	0.332016	0.306212	0.209494	0.204311	0.321977	0.337728	0.327229	0.212188	0.332744	0.326873	
0.338190	0.218967	0.322888	0.324197	0.315575	0.322042	0.334821	0.322701	0.322356	0.317756	0.211184	0.326289	0.000000	0.326363	0.210710	0.313198	0.327238	0.325372	0.323580	0.336729	0.321293	0.323915	0.336441	0.318259	
0.338148	0.322308	0.333506	0.209095	0.334344	0.343956	0.334933	0.213541	0.212354	0.337790	0.327525	0.213797	0.326363	0.000000	0.337120	0.312169	0.217324	0.221465	0.334339	0.338893	0.336687	0.217532	0.335470	0.330624	
0.334407	0.218506	0.321105	0.331190	0.321758	0.329349	0.329509	0.327268	0.327823	0.319784	0.212945	0.332016	0.210710	0.337120	0.000000	0.315196	0.328583	0.328621	0.321048	0.341234	0.320391	0.323906	0.340700	0.318808	
0.301629	0.323082	0.318900	0.307492	0.315068	0.327291	0.309166	0.317188	0.306036	0.318078	0.310874	0.306212	0.313198	0.312169	0.315196	0.000000	0.319776	0.322339	0.317986	0.297574	0.323035	0.313772	0.300826	0.312793	
0.329174	0.320799	0.337229	0.213918	0.333333	0.335036	0.334739	0.216213	0.209102	0.337204	0.326398	0.209494	0.327238	0.217324	0.328583	0.319776	0.000000	0.213397	0.332437	0.336473	0.331254	0.206597	0.329790	0.327911	
0.329329	0.324916	0.333418	0.215436	0.323430	0.331775	0.337712	0.212499	0.216106	0.319495	0.319161	0.204311	0.325372	0.221465	0.328621	0.322339	0.213397	0.000000	0.319389	0.334158	0.323540	0.206375	0.328927	0.323832	
0.337309	0.320355	0.325848	0.330137	0.214702	0.221859	0.341171	0.329215	0.323484	0.319270	0.317065	0.321977	0.323580	0.334339	0.321048	0.317986	0.332437	0.319389	0.000000	0.334185	0.317062	0.329569	0.324310	0.322418	
0.210717	0.339702	0.323657	0.329711	0.343911	0.344460	0.209369	0.336479	0.324147	0.330505	0.339568	0.337728	0.336729	0.338893	0.341234	0.297574	0.336473	0.334158	0.334185	0.000000	0.332278	0.329144	0.214420	0.320133	
0.317389	0.315742	0.218196	0.333409	0.314865	0.324919	0.332157	0.325693	0.324695	0.216347	0.316899	0.327229	0.321293	0.336687	0.320391	0.323035	0.331254	0.323540	0.317062	0.332278	0.000000	0.328950	0.317266	0.216780	
0.324529	0.317954	0.333290	0.210904	0.336746	0.339191	0.332715	0.214614	0.210865	0.331366	0.323018	0.212188	0.323915	0.217532	0.323906	0.313772	0.206597	0.206375	0.329569	0.329144	0.328950	0.000000	0.323953	0.327749	
0.208263	0.331422	0.322893	0.331379	0.331220	0.335021	0.214412	0.327221	0.322754	0.324065	0.334922	0.332744	0.336441	0.335470	0.340700	0.300826	0.329790	0.328927	0.324310	0.214420	0.317266	0.323953	0.000000	0.319932	
0.319268	0.317983	0.217132	0.329095	0.321193	0.329699	0.325355	0.318251	0.322663	0.213570	0.319071	0.326873	0.318259	0.330624	0.318808	0.312793	0.327911	0.323832	0.322418	0.320133	0.216780	0.327749	0.319932	0.000000	
