0.000000	0.328913	0.320750	0.329361	0.335099	0.329245	0.221243	0.327845	0.325944	0.324728	0.330261	0.328443	0.327435	0.327033	0.333388	0.314121	0.330483	0.325389	0.327498	0.218940	0.321272	0.331203	0.214025	0.320601	
0.328913	0.000000	0.316898	0.317127	0.315781	0.311526	0.333166	0.322234	0.315112	0.314003	0.211510	0.323652	0.216352	0.316410	0.222472	0.306923	0.315588	0.311869	0.313970	0.329201	0.313969	0.321051	0.330281	0.313116	
0.320750	0.316898	0.000000	0.330785	0.325541	0.322013	0.321534	0.329496	0.321830	0.222545	0.316551	0.330317	0.313752	0.321974	0.320439	0.312228	0.332625	0.319299	0.321197	0.318640	0.221358	0.325825	0.321279	0.218530	
0.329361	0.317127	0.330785	0.000000	0.326545	0.327808	0.332263	0.217103	0.220599	0.334497	0.322611	0.217267	0.322241	0.212694	0.327961	0.307692	0.220144	0.216600	0.324457	0.330909	0.326304	0.216216	0.323765	0.333226	
0.335099	0.315781	0.325541	0.326545	0.000000	0.220805	0.335235	0.326465	0.325381	0.321350	0.315168	0.328154	0.314129	0.326453	0.318233	0.317660	0.329157	0.319234	0.221199	0.335182	0.316992	0.329686	0.329810	0.320193	
0.329245	0.311526	0.322013	0.327808	0.220805	0.000000	0.334364	0.325702	0.322814	0.321297	0.312063	0.325236	0.315404	0.328388	0.325048	0.319810	0.327530	0.325494	0.222449	0.329759	0.319682	0.322822	0.326455	0.320067	
0.221243	0.333166	0.321534	0.332263	0.335235	0.334364	0.000000	0.326047	0.327013	0.319450	0.327369	0.321735	0.327242	0.322293	0.331263	0.311751	0.326704	0.324959	0.332259	0.213394	0.322597	0.323453	0.209010	0.324857	
0.327845	0.322234	0.329496	0.217103	0.326465	0.325702	0.326047	0.000000	0.217058	0.330585	0.324064	0.217293	0.321382	0.216852	0.329582	0.315778	0.214819	0.219390	0.322722	0.328704	0.322961	0.217800	0.327245	0.323737	
0.325944	0.315112	0.321830	0.220599	0.325381	0.322814	0.327013	0.217058	0.000000	0.322960	0.318398	0.215409	0.318662	0.212023	0.329732	0.310727	0.213255	0.218883	0.319005	0.327547	0.317773	0.219264	0.321324	0.328708	
0.324728	0.314003	0.222545	0.334497	0.321350	0.321297	0.319450	0.330585	0.322960	0.000000	0.313019	0.326724	0.313826	0.327293	0.318748	0.317113	0.327601	0.321895	0.318234	0.323555	0.228775	0.324305	0.320993	0.216163	
0.330261	0.211510	0.316551	0.322611	0.315168	0.312063	0.327369	0.324064	0.318398	0.313019	0.000000	0.323154	0.215510	0.321677	0.224497	0.309664	0.316686	0.311846	0.316624	0.328806	0.313250	0.316052	0.327381	0.318029	
0.328443	0.323652	0.330317	0.217267	0.328154	0.325236	0.321735	0.217293	0.215409	0.326724	0.323154	0.000000	0.321312	0.213939	0.324825	0.315355	0.211692	0.220158	0.324866	0.327931	0.322811	0.213217	0.325861	0.325498	
0.327435	0.216352	0.313752	0.322241	0.314129	0.315404	0.327242	0.321382	0.318662	0.313826	0.215510	0.321312	0.000000	0.318182	0.221556	0.312735	0.315386	0.314174	0.313406	0.325041	0.313787	0.316521	0.326621	0.315985	
0.327033	0.316410	0.321974	0.212694	0.326453	0.328388	0.322293	0.216852	0.212023	0.327293	0.321677	0.213939	0.318182	0.000000	0.318643	0.312265	0.215145	0.219019	0.327351	0.328171	0.327742	0.212725	0.327651	0.329776	
0.333388	0.222472	0.320439	0.327961	0.318233	0.325048	0.331263	0.329582	0.329732	0.318748	0.224497	0.324825	0.221556	0.318643	0.000000	0.313776	0.329407	0.318625	0.319101	0.335710	0.322908	0.320774	0.329406	0.317617	
0.314121	0.306923	0.312228	0.307692	0.317660	0.319810	0.311751	0.315778	0.310727	0.317113	0.309664	0.315355	0.312735	0.312265	0.313776	0.000000	0.313457	0.319158	0.316976	0.312338	0.314032	0.307741	0.314607	0.318794	
0.330483	0.315588	0.332625	0.220144	0.329157	0.327530	0.326704	0.214819	0.213255	0.327601	0.316686	0.211692	0.315386	0.215145	0.329407	0.313457	0.000000	0.215887	0.320879	0.324706	0.321632	0.215484	0.328033	0.331140	
0.325389	0.311869	0.319299	0.216600	0.319234	0.325494	0.324959	0.219390	0.218883	0.321895	0.311846	0.220158	0.314174	0.219019	0.318625	0.319158	0.215887	0.000000	0.311324	0.326149	0.320073	0.215224	0.325352	0.318940	
0.327498	0.313970	0.321197	0.324457	0.221199	0.222449	0.332259	0.322722	0.319005	0.318234	0.316624	0.324866	0.313406	0.327351	0.319101	0.316976	0.320879	0.311324	0.000000	0.326798	0.319274	0.324425	0.323907	0.313559	
0.218940	0.329201	0.318640	0.330909	0.335182	0.329759	0.213394	0.328704	0.327547	0.323555	0.328806	0.327931	0.325041	0.328171	0.335710	0.312338	0.324706	0.326149	0.326798	0.000000	0.321017	0.332331	0.215979	0.317386	
0.321272	0.313969	0.221358	0.326304	0.316992	0.319682	0.322597	0.322961	0.317773	0.228775	0.313250	0.322811	0.313787	0.327742	0.322908	0.314032	0.321632	0.320073	0.319274	0.321017	0.000000	0.320401	0.319286	0.222168	
0.331203	0.321051	0.325825	0.216216	0.329686	0.322822	0.323453	0.217800	0.219264	0.324305	0.316052	0.213217	0.316521	0.212725	0.320774	0.307741	0.215484	0.215224	0.324425	0.332331	0.320401	0.000000	0.326018	0.322643	
0.214025	0.330281	0.321279	0.323765	0.329810	0.326455	0.209010	0.327245	0.321324	0.320993	0.327381	0.325861	0.326621	0.327651	0.329406	0.314607	0.328033	0.325352	0.323907	0.215979	0.319286	0.326018	0.000000	0.317457	
0.320601	0.313116	0.218530	0.333226	0.320193	0.320067	0.324857	0.323737	0.328708	0.216163	0.318029	0.325498	0.315985	0.329776	0.317617	0.318794	0.331140	0.318940	0.313559	0.317386	0.222168	0.322643	0.317457	0.000000	
